%YAML:1.0


cam0:
  # T_cam_imu:
  #   - [0.9999654398038452, 0.007342326779113337, -0.003899927610975742, -0.027534314618518095]
  #   - [-0.0073452195116216765, 0.9999727585590525, -0.0007279355223411334, -0.0030587146933711722]
  #   - [0.0038944766308488753, 0.0007565561891287445, 0.9999921303062861, -0.023605118842939803]
  #   - [0.0, 0.0, 0.0, 1.0]
  # temi v3 ground
  # T_cam_imu:
  #   - [-0.0004861,  0.9999996, -0.0006808, -0.0496403]
  #   - [0.3850301,  0.0008155,  0.9229037, -0.2126466]
  #   - [0.9229039,  0.0001865, -0.3850303,  0.1913213]
  #   - [0.0, 0.0, 0.0, 1.0]
  # platform head 
  T_cam_imu:
    - [-0.0,  -0.842, 0.540, 0.241]
    - [1.0,  0.0,  0.0, 0.032]
    - [0.0,  0.540, 0.842,  0.198]
    - [0.0, 0.0, 0.0, 1.0]
  # platform ground
  cam_overlaps: []
  camera_model: pinhole
  distortion_coeffs: [-0.045761895748285604, 0.03423951132164367, -0.00040139057556727315, 0.000431371425853453]
  distortion_model: radtan
  # v3 ground
  # intrinsics: [487.06744384765625, 487.06744384765625, 317.58404541015625, 212.6141815185547]
  # resolution: [640, 480]
  # rostopic: /ground_camera/color/image_raw/compressed
  # platform head
  intrinsics: [357.48095703125, 357.48095703125, 321.83453369140625, 178.52743530273438]
  resolution: [640, 360]
  rostopic: /head_camera/color/image_raw/compressed
  # platform ground
  # intrinsics: [487.06744384765625, 487.06744384765625, 317.58404541015625, 212.6141815185547]
  # resolution: [640, 360]
  # rostopic: /ground_camera/color/image_raw/compressed
  timeshift_cam_imu: 0.002524377913673846


